process_id,file_offset,bytes_read,elapsed_time,found
0,0,8145,0.000016,0
1,8145,8150,0.000003,1
2,16295,8168,0.000003,1
3,24463,8167,0.000001,1
4,32630,8165,0.000002,1
5,40795,8180,0.000002,1
6,48975,8176,0.000002,1
0,57151,8125,0.000001,1
1,65276,8191,0.000002,1
7,73467,8181,0.000001,1
2,81648,8142,0.000005,0
3,89790,8158,0.000003,1
4,97948,8160,0.000002,0
5,106108,8133,0.000008,0
6,114241,8186,0.000005,1
0,122427,8180,0.000020,0
1,130607,8134,0.000002,1
2,138741,8157,0.000001,1
3,146898,8190,0.000002,1
4,155088,8154,0.000001,0
7,163242,8189,0.000001,0
0,171431,8186,0.000001,0
1,179617,8161,0.000001,1
5,187778,8180,0.000001,1
6,195958,8171,0.000003,1
2,204129,8177,0.000002,1
3,212306,8179,0.000003,0
4,220485,8170,0.000001,1
0,228655,8187,0.000001,0
1,236842,8143,0.000001,1
7,244985,8168,0.000001,1
2,253153,8191,0.000002,1
3,261344,8167,0.000001,0
4,269511,8132,0.000001,0
5,277643,8172,0.000002,1
6,285815,8156,0.000001,1
0,293971,8123,0.000002,0
1,302094,8148,0.000001,1
2,310242,8135,0.000001,0
7,318377,8190,0.000001,1
0,326567,8176,0.000002,1
1,334743,8170,0.000001,0
3,342913,8145,0.000002,0
4,351058,8190,0.000001,1
5,359248,8134,0.000001,0
6,367382,8161,0.000001,0
2,375543,8136,0.000001,0
0,383679,8126,0.000001,1
1,391805,8121,0.000001,1
7,399926,8185,0.000001,0
2,408111,8168,0.000001,0
3,416279,8162,0.000002,0
4,424441,8191,0.000006,0
5,432632,8163,0.000000,0
6,440795,8189,0.000002,0
0,448984,8192,0.000001,0
1,457176,8171,0.000001,0
2,465347,8159,0.000001,0
7,473506,8150,0.000001,0
0,481656,8188,0.000000,0
1,489844,8143,0.000002,0
3,497987,8190,0.000001,0
4,506177,8129,0.000002,0
5,514306,8183,0.000001,1
6,522489,8155,0.000003,0
2,530644,8137,0.000002,1
0,538781,8146,0.000002,0
1,546927,8128,0.000001,0
3,555055,8123,0.000001,0
7,563178,8128,0.000001,0
2,571306,8141,0.000001,0
4,579447,8143,0.000001,0
5,587590,8168,0.000002,0
6,595758,8181,0.000001,0
0,603939,8190,0.000002,1
1,612129,8180,0.000001,1
3,620309,8192,0.000001,0
2,628501,8185,0.000001,0
7,636686,8169,0.000001,0
0,644855,8130,0.000001,0
1,652985,8192,0.000001,0
3,661177,8142,0.000001,0
4,669319,8130,0.000001,0
5,677449,8145,0.000001,1
6,685594,8123,0.000001,1
2,693717,8165,0.000001,0
0,701882,8184,0.000002,0
1,710066,8154,0.000001,0
process_id,file_offset,bytes_read,elapsed_time,found
process_id,file_offset,bytes_read,elapsed_time,found
process_id,file_offset,bytes_read,elapsed_time,found
process_id,file_offset,bytes_read,elapsed_time,found
process_id,file_offset,bytes_read,elapsed_time,found
process_id,file_offset,bytes_read,elapsed_time,found
7,718220,8131,0.000002,0
2,726351,486,0.000000,0
process_id,file_offset,bytes_read,elapsed_time,found
process_id,file_offset,bytes_read,elapsed_time,found
