process_id,file_offset,bytes_read,elapsed_time,found
0,0,8147,0.000004,1
1,8147,8176,0.000003,1
2,16323,8161,0.000006,1
3,24484,8124,0.000005,1
4,32608,8156,0.000002,1
5,40764,8113,0.000002,1
6,48877,8137,0.000002,1
7,57014,8136,0.000005,1
8,65150,8175,0.000003,1
9,73325,8172,0.000001,1
10,81497,8162,0.000002,1
0,89659,8136,0.000002,1
1,97795,8183,0.000003,1
2,105978,8167,0.000001,1
3,114145,8162,0.000003,1
7,122307,8183,0.000001,1
11,130490,8186,0.000001,1
4,138676,8141,0.000001,1
5,146817,8164,0.000002,1
6,154981,8188,0.000001,1
8,163169,8179,0.000002,1
9,171348,8187,0.000001,1
10,179535,8164,0.000003,1
0,187699,8169,0.000002,1
1,195868,8170,0.000001,1
2,204038,8170,0.000001,1
3,212208,8129,0.000002,0
7,220337,8157,0.000002,1
4,228494,8181,0.000002,1
5,236675,8158,0.000001,1
6,244833,8173,0.000001,1
11,253006,8150,0.000002,1
0,261156,8135,0.000002,1
1,269291,8151,0.000001,1
2,277442,8180,0.000014,1
3,285622,8134,0.000003,1
7,293756,8170,0.000005,1
8,301926,8158,0.000035,1
9,310084,8182,0.000001,1
10,318266,8163,0.000002,1
4,326429,8187,0.000003,1
5,334616,8134,0.000001,1
6,342750,8119,0.000001,1
0,350869,8161,0.000001,1
1,359030,8166,0.000001,1
2,367196,8187,0.000001,1
3,375383,8181,0.000001,1
11,383564,8129,0.000001,1
4,391693,8163,0.000002,1
5,399856,8192,0.000001,1
6,408048,8188,0.000002,1
7,416236,8119,0.000002,0
8,424355,8146,0.000004,1
9,432501,8153,0.000002,1
10,440654,8128,0.000002,1
0,448782,8141,0.000001,1
1,456923,8175,0.000001,1
2,465098,8157,0.000001,1
3,473255,8184,0.000002,1
5,481439,8172,0.000002,1
11,489611,8178,0.000001,1
0,497789,8125,0.000001,0
1,505914,8181,0.000002,1
2,514095,8172,0.000001,1
3,522267,8166,0.000002,0
4,530433,8141,0.000001,1
6,538574,8133,0.000001,1
7,546707,8192,0.000004,1
8,554899,8163,0.000002,1
9,563062,8156,0.000002,1
10,571218,8158,0.000003,1
5,579376,8119,0.000001,1
0,587495,8180,0.000002,1
1,595675,8167,0.000014,1
2,603842,8166,0.000002,1
3,612008,8161,0.000003,1
4,620169,8138,0.000004,1
6,628307,8141,0.000003,1
11,636448,8183,0.000001,0
5,644631,8176,0.000001,0
7,652807,8189,0.000004,0
8,660996,8179,0.000001,0
9,669175,8156,0.000002,0
10,677331,8175,0.000002,0
0,685506,8161,0.000002,1
1,693667,8167,0.000001,0
2,701834,8119,0.000001,0
3,709953,8149,0.000003,1
4,718102,8182,0.000002,1
6,726284,8165,0.000002,1
5,734449,8164,0.000001,1
11,742613,8140,0.000003,1
0,750753,8171,0.000004,1
1,758924,8156,0.000002,1
2,767080,8183,0.000006,1
3,775263,8158,0.000002,1
4,783421,8155,0.000002,0
6,791576,8186,0.000001,1
7,799762,8156,0.000002,1
8,807918,8139,0.000002,1
9,816057,8179,0.000002,1
10,824236,8137,0.000001,0
5,832373,8177,0.000001,1
0,840550,8142,0.000000,0
1,848692,8162,0.000002,0
2,856854,8162,0.000001,0
3,865016,8137,0.000002,1
4,873153,8133,0.000001,1
6,881286,8131,0.000002,1
11,889417,8160,0.000001,1
5,897577,8144,0.000001,1
7,905721,8144,0.000001,1
8,913865,8123,0.000002,1
9,921988,8143,0.000001,1
10,930131,8159,0.000001,1
0,938290,8154,0.000002,1
1,946444,8133,0.000002,1
2,954577,8143,0.000001,1
3,962720,8179,0.000002,1
4,970899,8164,0.000001,1
6,979063,8158,0.000001,1
5,987221,8119,0.000001,1
11,995340,8153,0.000002,1
0,1003493,8176,0.000002,1
1,1011669,8136,0.000001,1
2,1019805,8153,0.000001,1
3,1027958,8142,0.000003,0
4,1036100,8132,0.000001,1
6,1044232,8182,0.000001,1
7,1052414,8133,0.000001,1
8,1060547,8125,0.000002,1
9,1068672,8127,0.000004,1
10,1076799,8155,0.000016,1
5,1084954,8133,0.000001,1
0,1093087,8168,0.000001,1
1,1101255,8138,0.000001,1
2,1109393,8162,0.000001,1
3,1117555,8135,0.000001,1
4,1125690,8176,0.000001,1
7,1133866,8167,0.000001,1
11,1142033,8151,0.000002,1
5,1150184,8186,0.000001,1
6,1158370,8171,0.000002,1
8,1166541,8143,0.000003,1
9,1174684,8166,0.000003,1
10,1182850,8167,0.000003,1
0,1191017,8114,0.000002,1
1,1199131,8166,0.000001,1
2,1207297,8185,0.000004,1
3,1215482,8177,0.000002,1
4,1223659,8182,0.000002,1
7,1231841,8130,0.000001,1
5,1239971,8179,0.000003,1
6,1248150,8155,0.000003,1
11,1256305,8156,0.000001,1
0,1264461,8122,0.000002,1
1,1272583,8148,0.000003,1
2,1280731,8149,0.000001,1
3,1288880,8174,0.000001,1
4,1297054,8152,0.000002,1
7,1305206,8132,0.000009,1
8,1313338,8147,0.000001,1
9,1321485,8141,0.000001,1
10,1329626,8117,0.000001,1
5,1337743,8192,0.000001,1
6,1345935,8145,0.000001,1
0,1354080,8157,0.000003,1
1,1362237,8134,0.000002,1
2,1370371,8158,0.000004,1
3,1378529,8142,0.000001,1
4,1386671,8141,0.000002,1
7,1394812,8152,0.000001,1
8,1402964,8157,0.000002,1
11,1411121,8129,0.000001,1
5,1419250,8186,0.000001,1
6,1427436,8181,0.000001,1
9,1435617,8174,0.000003,1
10,1443791,8143,0.000002,1
0,1451934,8189,0.000002,1
1,1460123,8129,0.000002,1
2,1468252,8129,0.000001,1
3,1476381,8170,0.000002,1
4,1484551,8156,0.000018,1
7,1492707,8141,0.000000,1
8,1500848,8135,0.000002,1
5,1508983,8133,0.000001,1
6,1517116,8178,0.000002,1
11,1525294,8171,0.000001,1
0,1533465,8146,0.000002,1
1,1541611,8188,0.000001,1
2,1549799,8191,0.000001,1
3,1557990,8186,0.000001,1
4,1566176,8178,0.000002,1
7,1574354,8169,0.000001,1
8,1582523,8173,0.000005,1
9,1590696,8162,0.000013,1
10,1598858,8119,0.000001,1
5,1606977,8152,0.000001,1
6,1615129,8177,0.000002,1
0,1623306,8192,0.000002,1
1,1631498,8132,0.000001,1
2,1639630,8119,0.000004,1
3,1647749,8180,0.000006,1
4,1655929,8117,0.000015,1
7,1664046,8182,0.000002,1
8,1672228,8177,0.000002,1
9,1680405,8152,0.000001,1
11,1688557,8180,0.000001,1
5,1696737,8154,0.000002,1
6,1704891,8157,0.000001,1
10,1713048,8127,0.000001,1
0,1721175,8142,0.000002,1
1,1729317,8159,0.000002,1
2,1737476,8168,0.000015,1
3,1745644,8177,0.000003,1
4,1753821,8127,0.000003,1
7,1761948,8144,0.000002,1
8,1770092,8127,0.000002,1
9,1778219,8152,0.000001,1
5,1786371,8190,0.000001,1
6,1794561,8155,0.000001,1
11,1802716,8140,0.000001,1
0,1810856,8150,0.000003,1
1,1819006,8141,0.000002,1
2,1827147,8185,0.000003,1
3,1835332,8138,0.000003,1
4,1843470,8124,0.000003,1
7,1851594,8191,0.000001,1
8,1859785,8145,0.000001,1
9,1867930,8191,0.000001,1
10,1876121,8137,0.000003,1
5,1884258,8180,0.000002,1
6,1892438,8170,0.000002,1
0,1900608,8159,0.000003,1
1,1908767,8186,0.000002,1
2,1916953,8137,0.000001,1
3,1925090,8186,0.000001,1
4,1933276,8169,0.000001,1
11,1941445,8185,0.000002,1
5,1949630,8137,0.000004,1
6,1957767,8135,0.000004,1
7,1965902,8159,0.000004,1
8,1974061,8167,0.000001,1
9,1982228,8120,0.000001,1
10,1990348,8124,0.000001,1
0,1998472,8129,0.000003,1
1,2006601,8159,0.000001,1
2,2014760,8140,0.000001,1
3,2022900,8147,0.000002,1
4,2031047,8158,0.000002,0
5,2039205,8155,0.000001,1
6,2047360,8169,0.000001,1
7,2055529,8149,0.000001,1
8,2063678,8135,0.000001,1
11,2071813,8144,0.000001,1
0,2079957,8167,0.000002,1
1,2088124,8186,0.000002,1
2,2096310,8138,0.000001,1
3,2104448,8158,0.000002,1
4,2112606,8139,0.000001,1
process_id,file_offset,bytes_read,elapsed_time,found
process_id,file_offset,bytes_read,elapsed_time,found
9,2120745,8177,0.000001,1
10,2128922,8151,0.000003,1
5,2137073,8177,0.000004,1
6,2145250,8124,0.000002,1
7,2153374,8137,0.000003,1
8,2161511,8180,0.000001,1
process_id,file_offset,bytes_read,elapsed_time,found
0,2169691,8147,0.000001,0
1,2177838,8152,0.000003,0
2,2185990,1989,0.000001,0
process_id,file_offset,bytes_read,elapsed_time,found
process_id,file_offset,bytes_read,elapsed_time,found
process_id,file_offset,bytes_read,elapsed_time,found
process_id,file_offset,bytes_read,elapsed_time,found
process_id,file_offset,bytes_read,elapsed_time,found
process_id,file_offset,bytes_read,elapsed_time,found
process_id,file_offset,bytes_read,elapsed_time,found
process_id,file_offset,bytes_read,elapsed_time,found
process_id,file_offset,bytes_read,elapsed_time,found
